0 250 307 73 223 211 294 0 135
15
1 96 2 290 120 0 348 6 138
1 69 19 15 16 198 118 0 227 10 65 210 60 131 183 15 81 220
2 226 50 103 94 188 167 0 126 13 63 318 130 209 108 81 182 173
3 159 369 49 91 186 330 0 134 18 75 55 184 209 68 176 53 142
5 100 181 240 74 219 207 0 84 25 179 269 51 81 64 113 46 49
6 10 216 39 10 4 165 0 83 37 0 0 0 0 0 0 0 0
9 59 317 15 0 29 243 0 53
16
1 64 13 69 154 270 190 88 78
10 229 288 162 205 144 250 0 225 3 49 338 140 164 13 293 198 152
11 110 109 215 216 116 1 0 205 11 49 57 45 43 99 332 160 84
12 191 17 164 21 216 339 0 128 20 51 289 115 189 54 331 122 5
13 9 357 133 215 115 201 0 75 22 154 57 300 101 0 114 182 205
15 195 215 298 14 233 53 0 135 38 0 0 0 0 0 0 0 0
16 23 106 110 70 144 347 0 217
17
0 7 260 257 56 153 110 91 183
18 190 242 113 141 95 304 0 220 14 164 303 147 110 137 228 184 112
19 35 180 16 198 216 167 0 90 16 59 81 128 200 0 247 30 106
20 239 330 189 104 73 47 0 105 17 1 358 51 63 0 116 3 219
21 31 346 32 81 261 188 0 137 21 144 375 228 4 162 190 155 129
22 1 1 1 1 1 1 0 1 39 0 0 0 0 0 0 0 0